4,3
173,4
4,2
4,1
4,0
3,6
3,5
3,4
3,3
3,2
173,5
3,1
173,1
173,3
3,0
2,7
2,2
1,2
0,444
0,315
173,0
1,1
1,3
1,0
2,9
0,312
2,1
0,309
2,10
2,3
2,0
0,243
0,9
0,310
0,305
0,308
0,304
0,303
0,302
0,307
0,12
0,438
0,10
0,8
0,0
0,425
0,300
0,424
0,299
0,423
0,298
0,422
0,297
0,421
0,296
0,420
0,295
0,419
0,294
0,418
0,293
0,417
0,292
0,347
0,291
0,365
0,290
0,414
0,289
0,413
0,288
0,436
0,287
0,328
0,286
0,411
0,285
0,410
0,284
0,409
0,283
0,415
0,282
0,442
0,281
0,405
0,280
0,404
0,279
0,314
0,278
0,441
0,277
0,402
0,276
0,434
0,275
0,433
0,274
0,374
0,273
0,400
0,272
0,399
0,271
0,398
0,270
0,407
0,269
0,391
0,268
0,432
0,267
0,376
0,266
0,394
0,265
0,393
0,264
0,392
0,263
0,431
0,262
0,403
0,261
